  -3.000000000000000      -3.000000000000000      0.4000000059604645    
  -3.000000000000000      -2.750000000000000       1.800000309944153    
  -3.000000000000000      -2.500000000000000       1.000000119209290    
  -3.000000000000000      -2.250000000000000       1.800000309944153    
  -3.000000000000000      -2.000000000000000       1.800000309944153    
  -3.000000000000000      -1.750000000000000       1.500000238418579    
  -3.000000000000000      -1.500000000000000       1.600000262260437    
  -3.000000000000000      -1.250000000000000       1.700000286102295    
  -3.000000000000000      -1.000000000000000       2.100000143051147    
  -3.000000000000000     -0.7500000000000000       1.500000238418579    
  -3.000000000000000     -0.5000000000000000       1.500000238418579    
  -3.000000000000000     -0.2500000000000000       1.500000238418579    
  -3.000000000000000       0.000000000000000       1.900000333786011    
  -3.000000000000000      0.2500000000000000       1.900000333786011    
  -3.000000000000000      0.5000000000000000      0.5000000000000000    
  -3.000000000000000      0.7500000000000000      0.3000000119209290    
  -3.000000000000000       1.000000000000000      0.3000000119209290    
  -3.000000000000000       1.250000000000000      0.4000000059604645    
  -3.000000000000000       1.500000000000000      0.4000000059604645    
  -3.000000000000000       1.750000000000000      0.5000000000000000    
  -3.000000000000000       2.000000000000000      0.5000000000000000    
  -3.000000000000000       2.250000000000000      0.6000000238418579    
  -3.000000000000000       2.500000000000000       2.699999570846558    
  -3.000000000000000       2.750000000000000       1.600000262260437    
  -3.000000000000000       3.000000000000000       1.600000262260437    
  -2.750000000000000      -3.000000000000000      0.2000000029802322    
  -2.750000000000000      -2.750000000000000      0.5000000000000000    
  -2.750000000000000      -2.500000000000000       1.900000333786011    
  -2.750000000000000      -2.250000000000000       1.500000238418579    
  -2.750000000000000      -2.000000000000000       1.400000214576721    
  -2.750000000000000      -1.750000000000000       1.300000190734863    
  -2.750000000000000      -1.500000000000000       1.300000190734863    
  -2.750000000000000      -1.250000000000000       1.300000190734863    
  -2.750000000000000      -1.000000000000000       1.400000214576721    
  -2.750000000000000     -0.7500000000000000       1.500000238418579    
  -2.750000000000000     -0.5000000000000000       2.399999856948853    
  -2.750000000000000     -0.2500000000000000       11.00000572204590    
  -2.750000000000000       0.000000000000000       2.999999284744263    
  -2.750000000000000      0.2500000000000000       4.199998378753662    
  -2.750000000000000      0.5000000000000000       1.600000262260437    
  -2.750000000000000      0.7500000000000000       1.500000238418579    
  -2.750000000000000       1.000000000000000       1.600000262260437    
  -2.750000000000000       1.250000000000000       1.600000262260437    
  -2.750000000000000       1.500000000000000       3.599998712539673    
  -2.750000000000000       1.750000000000000       1.600000262260437    
  -2.750000000000000       2.000000000000000       1.500000238418579    
  -2.750000000000000       2.250000000000000       1.500000238418579    
  -2.750000000000000       2.500000000000000       1.500000238418579    
  -2.750000000000000       2.750000000000000       1.700000286102295    
  -2.750000000000000       3.000000000000000       1.300000190734863    
  -2.500000000000000      -3.000000000000000      0.2000000029802322    
  -2.500000000000000      -2.750000000000000      0.4000000059604645    
  -2.500000000000000      -2.500000000000000       3.199999094009399    
  -2.500000000000000      -2.250000000000000       1.600000262260437    
  -2.500000000000000      -2.000000000000000       1.900000333786011    
  -2.500000000000000      -1.750000000000000       2.299999952316284    
  -2.500000000000000      -1.500000000000000       3.099999189376831    
  -2.500000000000000      -1.250000000000000       1.300000190734863    
  -2.500000000000000      -1.000000000000000       1.300000190734863    
  -2.500000000000000     -0.7500000000000000       1.300000190734863    
  -2.500000000000000     -0.5000000000000000       1.300000190734863    
  -2.500000000000000     -0.2500000000000000       1.400000214576721    
  -2.500000000000000       0.000000000000000       2.100000143051147    
  -2.500000000000000      0.2500000000000000       2.299999952316284    
  -2.500000000000000      0.5000000000000000       4.899997711181641    
  -2.500000000000000      0.7500000000000000       2.299999952316284    
  -2.500000000000000       1.000000000000000       1.600000262260437    
  -2.500000000000000       1.250000000000000       1.500000238418579    
  -2.500000000000000       1.500000000000000       1.500000238418579    
  -2.500000000000000       1.750000000000000       1.500000238418579    
  -2.500000000000000       2.000000000000000       1.500000238418579    
  -2.500000000000000       2.250000000000000       2.399999856948853    
  -2.500000000000000       2.500000000000000       2.000000238418579    
  -2.500000000000000       2.750000000000000       1.400000214576721    
  -2.500000000000000       3.000000000000000      0.7000000476837158    
  -2.250000000000000      -3.000000000000000      0.2000000029802322    
  -2.250000000000000      -2.750000000000000       2.499999761581421    
  -2.250000000000000      -2.500000000000000       1.800000309944153    
  -2.250000000000000      -2.250000000000000       1.700000286102295    
  -2.250000000000000      -2.000000000000000       1.600000262260437    
  -2.250000000000000      -1.750000000000000       1.700000286102295    
  -2.250000000000000      -1.500000000000000       6.999995708465576    
  -2.250000000000000      -1.250000000000000       2.699999570846558    
  -2.250000000000000      -1.000000000000000       8.599996566772461    
  -2.250000000000000     -0.7500000000000000       1.300000190734863    
  -2.250000000000000     -0.5000000000000000       1.200000166893005    
  -2.250000000000000     -0.2500000000000000       1.300000190734863    
  -2.250000000000000       0.000000000000000       1.300000190734863    
  -2.250000000000000      0.2500000000000000       1.900000333786011    
  -2.250000000000000      0.5000000000000000       2.299999952316284    
  -2.250000000000000      0.7500000000000000       5.099997520446777    
  -2.250000000000000       1.000000000000000       2.699999570846558    
  -2.250000000000000       1.250000000000000       2.699999570846558    
  -2.250000000000000       1.500000000000000       2.799999475479126    
  -2.250000000000000       1.750000000000000       2.999999284744263    
  -2.250000000000000       2.000000000000000       1.400000214576721    
  -2.250000000000000       2.250000000000000       1.300000190734863    
  -2.250000000000000       2.500000000000000       1.500000238418579    
  -2.250000000000000       2.750000000000000      0.6000000238418579    
  -2.250000000000000       3.000000000000000      0.6000000238418579    
  -2.000000000000000      -3.000000000000000       2.000000238418579    
  -2.000000000000000      -2.750000000000000       2.299999952316284    
  -2.000000000000000      -2.500000000000000       2.999999284744263    
  -2.000000000000000      -2.250000000000000       5.899996757507324    
  -2.000000000000000      -2.000000000000000       1.700000286102295    
  -2.000000000000000      -1.750000000000000       1.700000286102295    
  -2.000000000000000      -1.500000000000000       4.299998283386230    
  -2.000000000000000      -1.250000000000000       7.099995613098145    
  -2.000000000000000      -1.000000000000000       6.799995899200439    
  -2.000000000000000     -0.7500000000000000       3.799998521804810    
  -2.000000000000000     -0.5000000000000000       1.300000190734863    
  -2.000000000000000     -0.2500000000000000       1.200000166893005    
  -2.000000000000000       0.000000000000000       1.300000190734863    
  -2.000000000000000      0.2500000000000000       1.400000214576721    
  -2.000000000000000      0.5000000000000000       2.200000047683716    
  -2.000000000000000      0.7500000000000000       2.399999856948853    
  -2.000000000000000       1.000000000000000       2.599999666213989    
  -2.000000000000000       1.250000000000000       1.700000286102295    
  -2.000000000000000       1.500000000000000       1.300000190734863    
  -2.000000000000000       1.750000000000000       1.300000190734863    
  -2.000000000000000       2.000000000000000       1.300000190734863    
  -2.000000000000000       2.250000000000000      0.6000000238418579    
  -2.000000000000000       2.500000000000000      0.6000000238418579    
  -2.000000000000000       2.750000000000000      0.5000000000000000    
  -2.000000000000000       3.000000000000000      0.5000000000000000    
  -1.750000000000000      -3.000000000000000       1.900000333786011    
  -1.750000000000000      -2.750000000000000       2.899999380111694    
  -1.750000000000000      -2.500000000000000       2.699999570846558    
  -1.750000000000000      -2.250000000000000       4.299998283386230    
  -1.750000000000000      -2.000000000000000       2.499999761581421    
  -1.750000000000000      -1.750000000000000       2.499999761581421    
  -1.750000000000000      -1.500000000000000       3.899998426437378    
  -1.750000000000000      -1.250000000000000       12.00000953674316    
  -1.750000000000000      -1.000000000000000       9998.656250000000    
  -1.750000000000000     -0.7500000000000000       5.199997425079346    
  -1.750000000000000     -0.5000000000000000       6.399996280670166    
  -1.750000000000000     -0.2500000000000000       1.300000190734863    
  -1.750000000000000       0.000000000000000       1.300000190734863    
  -1.750000000000000      0.2500000000000000       1.300000190734863    
  -1.750000000000000      0.5000000000000000       3.199999094009399    
  -1.750000000000000      0.7500000000000000       2.200000047683716    
  -1.750000000000000       1.000000000000000       2.299999952316284    
  -1.750000000000000       1.250000000000000       2.399999856948853    
  -1.750000000000000       1.500000000000000       1.300000190734863    
  -1.750000000000000       1.750000000000000       1.200000166893005    
  -1.750000000000000       2.000000000000000       3.699998617172241    
  -1.750000000000000       2.250000000000000      0.5000000000000000    
  -1.750000000000000       2.500000000000000      0.5000000000000000    
  -1.750000000000000       2.750000000000000      0.4000000059604645    
  -1.750000000000000       3.000000000000000      0.4000000059604645    
  -1.500000000000000      -3.000000000000000       3.099999189376831    
  -1.500000000000000      -2.750000000000000       2.799999475479126    
  -1.500000000000000      -2.500000000000000       8.099994659423828    
  -1.500000000000000      -2.250000000000000       3.899998426437378    
  -1.500000000000000      -2.000000000000000       9.199998855590820    
  -1.500000000000000      -1.750000000000000       6.599996089935303    
  -1.500000000000000      -1.500000000000000       3.999998331069946    
  -1.500000000000000      -1.250000000000000       18.20003318786621    
  -1.500000000000000      -1.000000000000000       9998.656250000000    
  -1.500000000000000     -0.7500000000000000       761.2611694335938    
  -1.500000000000000     -0.5000000000000000       7.799994945526123    
  -1.500000000000000     -0.2500000000000000       4.899997711181641    
  -1.500000000000000       0.000000000000000       1.400000214576721    
  -1.500000000000000      0.2500000000000000       1.400000214576721    
  -1.500000000000000      0.5000000000000000       10.70000457763672    
  -1.500000000000000      0.7500000000000000       2.200000047683716    
  -1.500000000000000       1.000000000000000       2.299999952316284    
  -1.500000000000000       1.250000000000000       3.399998903274536    
  -1.500000000000000       1.500000000000000       1.400000214576721    
  -1.500000000000000       1.750000000000000       1.200000166893005    
  -1.500000000000000       2.000000000000000       2.100000143051147    
  -1.500000000000000       2.250000000000000      0.5000000000000000    
  -1.500000000000000       2.500000000000000      0.4000000059604645    
  -1.500000000000000       2.750000000000000      0.4000000059604645    
  -1.500000000000000       3.000000000000000      0.3000000119209290    
  -1.250000000000000      -3.000000000000000       3.499998807907104    
  -1.250000000000000      -2.750000000000000       2.599999666213989    
  -1.250000000000000      -2.500000000000000       10.50000381469727    
  -1.250000000000000      -2.250000000000000       11.80000877380371    
  -1.250000000000000      -2.000000000000000       9.099998474121094    
  -1.250000000000000      -1.750000000000000       9998.656250000000    
  -1.250000000000000      -1.500000000000000       6.499996185302734    
  -1.250000000000000      -1.250000000000000       3958.210693359375    
  -1.250000000000000      -1.000000000000000       9998.656250000000    
  -1.250000000000000     -0.7500000000000000       115.9988021850586    
  -1.250000000000000     -0.5000000000000000       19.90003967285156    
  -1.250000000000000     -0.2500000000000000       57.49969482421875    
  -1.250000000000000       0.000000000000000       29.90007781982422    
  -1.250000000000000      0.2500000000000000       2.699999570846558    
  -1.250000000000000      0.5000000000000000       2.899999380111694    
  -1.250000000000000      0.7500000000000000       2.599999666213989    
  -1.250000000000000       1.000000000000000       2.599999666213989    
  -1.250000000000000       1.250000000000000       3.399998903274536    
  -1.250000000000000       1.500000000000000       22.20004844665527    
  -1.250000000000000       1.750000000000000       1.200000166893005    
  -1.250000000000000       2.000000000000000       1.300000190734863    
  -1.250000000000000       2.250000000000000      0.5000000000000000    
  -1.250000000000000       2.500000000000000      0.4000000059604645    
  -1.250000000000000       2.750000000000000      0.3000000119209290    
  -1.250000000000000       3.000000000000000      0.2000000029802322    
  -1.000000000000000      -3.000000000000000       2.699999570846558    
  -1.000000000000000      -2.750000000000000       2.699999570846558    
  -1.000000000000000      -2.500000000000000       9.099998474121094    
  -1.000000000000000      -2.250000000000000       12.90001296997070    
  -1.000000000000000      -2.000000000000000       91.39917755126953    
  -1.000000000000000      -1.750000000000000       69.19951629638672    
  -1.000000000000000      -1.500000000000000       11.20000648498535    
  -1.000000000000000      -1.250000000000000       9998.656250000000    
  -1.000000000000000      -1.000000000000000       9998.656250000000    
  -1.000000000000000     -0.7500000000000000       9998.656250000000    
  -1.000000000000000     -0.5000000000000000       9998.656250000000    
  -1.000000000000000     -0.2500000000000000       9998.656250000000    
  -1.000000000000000       0.000000000000000       9998.656250000000    
  -1.000000000000000      0.2500000000000000       9998.656250000000    
  -1.000000000000000      0.5000000000000000       9998.656250000000    
  -1.000000000000000      0.7500000000000000       3755.212646484375    
  -1.000000000000000       1.000000000000000       9998.656250000000    
  -1.000000000000000       1.250000000000000       1726.325561523438    
  -1.000000000000000       1.500000000000000       21.60004615783691    
  -1.000000000000000       1.750000000000000       5.099997520446777    
  -1.000000000000000       2.000000000000000       1.300000190734863    
  -1.000000000000000       2.250000000000000       6.799995899200439    
  -1.000000000000000       2.500000000000000      0.4000000059604645    
  -1.000000000000000       2.750000000000000      0.3000000119209290    
  -1.000000000000000       3.000000000000000      0.2000000029802322    
 -0.7500000000000000      -3.000000000000000       3.699998617172241    
 -0.7500000000000000      -2.750000000000000       8.499996185302734    
 -0.7500000000000000      -2.500000000000000       3.799998521804810    
 -0.7500000000000000      -2.250000000000000       18.80003547668457    
 -0.7500000000000000      -2.000000000000000       70.99948883056641    
 -0.7500000000000000      -1.750000000000000       9998.656250000000    
 -0.7500000000000000      -1.500000000000000       3361.028076171875    
 -0.7500000000000000      -1.250000000000000       9998.656250000000    
 -0.7500000000000000      -1.000000000000000       9998.656250000000    
 -0.7500000000000000     -0.7500000000000000       9998.656250000000    
 -0.7500000000000000     -0.5000000000000000       9998.656250000000    
 -0.7500000000000000     -0.2500000000000000       9998.656250000000    
 -0.7500000000000000       0.000000000000000       9998.656250000000    
 -0.7500000000000000      0.2500000000000000       9998.656250000000    
 -0.7500000000000000      0.5000000000000000       9998.656250000000    
 -0.7500000000000000      0.7500000000000000       9998.656250000000    
 -0.7500000000000000       1.000000000000000       9998.656250000000    
 -0.7500000000000000       1.250000000000000       9998.656250000000    
 -0.7500000000000000       1.500000000000000       9998.656250000000    
 -0.7500000000000000       1.750000000000000       2024.252807617188    
 -0.7500000000000000       2.000000000000000       31.80008506774902    
 -0.7500000000000000       2.250000000000000       9.800001144409180    
 -0.7500000000000000       2.500000000000000       4.999997615814209    
 -0.7500000000000000       2.750000000000000      0.3000000119209290    
 -0.7500000000000000       3.000000000000000      0.2000000029802322    
 -0.5000000000000000      -3.000000000000000       7.499995231628418    
 -0.5000000000000000      -2.750000000000000       3.699998617172241    
 -0.5000000000000000      -2.500000000000000       3.699998617172241    
 -0.5000000000000000      -2.250000000000000       121.0987243652344    
 -0.5000000000000000      -2.000000000000000       6953.532714843750    
 -0.5000000000000000      -1.750000000000000       9998.656250000000    
 -0.5000000000000000      -1.500000000000000       9998.656250000000    
 -0.5000000000000000      -1.250000000000000       9998.656250000000    
 -0.5000000000000000      -1.000000000000000       9998.656250000000    
 -0.5000000000000000     -0.7500000000000000       9998.656250000000    
 -0.5000000000000000     -0.5000000000000000       9998.656250000000    
 -0.5000000000000000     -0.2500000000000000       9998.656250000000    
 -0.5000000000000000       0.000000000000000       9998.656250000000    
 -0.5000000000000000      0.2500000000000000       9998.656250000000    
 -0.5000000000000000      0.5000000000000000       9998.656250000000    
 -0.5000000000000000      0.7500000000000000       9998.656250000000    
 -0.5000000000000000       1.000000000000000       9998.656250000000    
 -0.5000000000000000       1.250000000000000       9998.656250000000    
 -0.5000000000000000       1.500000000000000       9998.656250000000    
 -0.5000000000000000       1.750000000000000       9998.656250000000    
 -0.5000000000000000       2.000000000000000       9855.617187500000    
 -0.5000000000000000       2.250000000000000       2750.732666015625    
 -0.5000000000000000       2.500000000000000       5.499997138977051    
 -0.5000000000000000       2.750000000000000      0.5000000000000000    
 -0.5000000000000000       3.000000000000000      0.2000000029802322    
 -0.2500000000000000      -3.000000000000000       5.199997425079346    
 -0.2500000000000000      -2.750000000000000       304.5093688964844    
 -0.2500000000000000      -2.500000000000000       6602.890625000000    
 -0.2500000000000000      -2.250000000000000       9998.656250000000    
 -0.2500000000000000      -2.000000000000000       9998.656250000000    
 -0.2500000000000000      -1.750000000000000       9998.656250000000    
 -0.2500000000000000      -1.500000000000000       9998.656250000000    
 -0.2500000000000000      -1.250000000000000       9998.656250000000    
 -0.2500000000000000      -1.000000000000000       9998.656250000000    
 -0.2500000000000000     -0.7500000000000000       9998.656250000000    
 -0.2500000000000000     -0.5000000000000000       9998.656250000000    
 -0.2500000000000000     -0.2500000000000000       9998.656250000000    
 -0.2500000000000000       0.000000000000000       9998.656250000000    
 -0.2500000000000000      0.2500000000000000       9998.656250000000    
 -0.2500000000000000      0.5000000000000000       9998.656250000000    
 -0.2500000000000000      0.7500000000000000       9998.656250000000    
 -0.2500000000000000       1.000000000000000       9998.656250000000    
 -0.2500000000000000       1.250000000000000       9998.656250000000    
 -0.2500000000000000       1.500000000000000       9998.656250000000    
 -0.2500000000000000       1.750000000000000       9998.656250000000    
 -0.2500000000000000       2.000000000000000       9998.656250000000    
 -0.2500000000000000       2.250000000000000       1352.316894531250    
 -0.2500000000000000       2.500000000000000       1700.431884765625    
 -0.2500000000000000       2.750000000000000       14.80002021789551    
 -0.2500000000000000       3.000000000000000      0.3000000119209290    
   0.000000000000000      -3.000000000000000       120.8987274169922    
   0.000000000000000      -2.750000000000000       180.1017913818359    
   0.000000000000000      -2.500000000000000       9998.656250000000    
   0.000000000000000      -2.250000000000000       9998.656250000000    
   0.000000000000000      -2.000000000000000       9998.656250000000    
   0.000000000000000      -1.750000000000000       9998.656250000000    
   0.000000000000000      -1.500000000000000       9998.656250000000    
   0.000000000000000      -1.250000000000000       9998.656250000000    
   0.000000000000000      -1.000000000000000       9998.656250000000    
   0.000000000000000     -0.7500000000000000       9998.656250000000    
   0.000000000000000     -0.5000000000000000       9998.656250000000    
   0.000000000000000     -0.2500000000000000       9998.656250000000    
   0.000000000000000       0.000000000000000       9998.656250000000    
   0.000000000000000      0.2500000000000000       9998.656250000000    
   0.000000000000000      0.5000000000000000       9998.656250000000    
   0.000000000000000      0.7500000000000000       9998.656250000000    
   0.000000000000000       1.000000000000000       9998.656250000000    
   0.000000000000000       1.250000000000000       9998.656250000000    
   0.000000000000000       1.500000000000000       9998.656250000000    
   0.000000000000000       1.750000000000000       9998.656250000000    
   0.000000000000000       2.000000000000000       9998.656250000000    
   0.000000000000000       2.250000000000000       9998.656250000000    
   0.000000000000000       2.500000000000000       9998.656250000000    
   0.000000000000000       2.750000000000000       180.1017913818359    
   0.000000000000000       3.000000000000000       120.8987274169922    
  0.2500000000000000      -3.000000000000000      0.3000000119209290    
  0.2500000000000000      -2.750000000000000       14.80002021789551    
  0.2500000000000000      -2.500000000000000       1700.431884765625    
  0.2500000000000000      -2.250000000000000       1352.316894531250    
  0.2500000000000000      -2.000000000000000       9998.656250000000    
  0.2500000000000000      -1.750000000000000       9998.656250000000    
  0.2500000000000000      -1.500000000000000       9998.656250000000    
  0.2500000000000000      -1.250000000000000       9998.656250000000    
  0.2500000000000000      -1.000000000000000       9998.656250000000    
  0.2500000000000000     -0.7500000000000000       9998.656250000000    
  0.2500000000000000     -0.5000000000000000       9998.656250000000    
  0.2500000000000000     -0.2500000000000000       9998.656250000000    
  0.2500000000000000       0.000000000000000       9998.656250000000    
  0.2500000000000000      0.2500000000000000       9998.656250000000    
  0.2500000000000000      0.5000000000000000       9998.656250000000    
  0.2500000000000000      0.7500000000000000       9998.656250000000    
  0.2500000000000000       1.000000000000000       9998.656250000000    
  0.2500000000000000       1.250000000000000       9998.656250000000    
  0.2500000000000000       1.500000000000000       9998.656250000000    
  0.2500000000000000       1.750000000000000       9998.656250000000    
  0.2500000000000000       2.000000000000000       9998.656250000000    
  0.2500000000000000       2.250000000000000       9998.656250000000    
  0.2500000000000000       2.500000000000000       6602.890625000000    
  0.2500000000000000       2.750000000000000       304.5093688964844    
  0.2500000000000000       3.000000000000000       5.199997425079346    
  0.5000000000000000      -3.000000000000000      0.2000000029802322    
  0.5000000000000000      -2.750000000000000      0.5000000000000000    
  0.5000000000000000      -2.500000000000000       5.499997138977051    
  0.5000000000000000      -2.250000000000000       2750.732666015625    
  0.5000000000000000      -2.000000000000000       9855.617187500000    
  0.5000000000000000      -1.750000000000000       9998.656250000000    
  0.5000000000000000      -1.500000000000000       9998.656250000000    
  0.5000000000000000      -1.250000000000000       9998.656250000000    
  0.5000000000000000      -1.000000000000000       9998.656250000000    
  0.5000000000000000     -0.7500000000000000       9998.656250000000    
  0.5000000000000000     -0.5000000000000000       9998.656250000000    
  0.5000000000000000     -0.2500000000000000       9998.656250000000    
  0.5000000000000000       0.000000000000000       9998.656250000000    
  0.5000000000000000      0.2500000000000000       9998.656250000000    
  0.5000000000000000      0.5000000000000000       9998.656250000000    
  0.5000000000000000      0.7500000000000000       9998.656250000000    
  0.5000000000000000       1.000000000000000       9998.656250000000    
  0.5000000000000000       1.250000000000000       9998.656250000000    
  0.5000000000000000       1.500000000000000       9998.656250000000    
  0.5000000000000000       1.750000000000000       9998.656250000000    
  0.5000000000000000       2.000000000000000       6953.532714843750    
  0.5000000000000000       2.250000000000000       121.0987243652344    
  0.5000000000000000       2.500000000000000       3.699998617172241    
  0.5000000000000000       2.750000000000000       3.699998617172241    
  0.5000000000000000       3.000000000000000       7.499995231628418    
  0.7500000000000000      -3.000000000000000      0.2000000029802322    
  0.7500000000000000      -2.750000000000000      0.3000000119209290    
  0.7500000000000000      -2.500000000000000       4.999997615814209    
  0.7500000000000000      -2.250000000000000       9.800001144409180    
  0.7500000000000000      -2.000000000000000       31.80008506774902    
  0.7500000000000000      -1.750000000000000       2024.252807617188    
  0.7500000000000000      -1.500000000000000       9998.656250000000    
  0.7500000000000000      -1.250000000000000       9998.656250000000    
  0.7500000000000000      -1.000000000000000       9998.656250000000    
  0.7500000000000000     -0.7500000000000000       9998.656250000000    
  0.7500000000000000     -0.5000000000000000       9998.656250000000    
  0.7500000000000000     -0.2500000000000000       9998.656250000000    
  0.7500000000000000       0.000000000000000       9998.656250000000    
  0.7500000000000000      0.2500000000000000       9998.656250000000    
  0.7500000000000000      0.5000000000000000       9998.656250000000    
  0.7500000000000000      0.7500000000000000       9998.656250000000    
  0.7500000000000000       1.000000000000000       9998.656250000000    
  0.7500000000000000       1.250000000000000       9998.656250000000    
  0.7500000000000000       1.500000000000000       3361.028076171875    
  0.7500000000000000       1.750000000000000       9998.656250000000    
  0.7500000000000000       2.000000000000000       70.99948883056641    
  0.7500000000000000       2.250000000000000       18.80003547668457    
  0.7500000000000000       2.500000000000000       3.799998521804810    
  0.7500000000000000       2.750000000000000       8.499996185302734    
  0.7500000000000000       3.000000000000000       3.699998617172241    
   1.000000000000000      -3.000000000000000      0.2000000029802322    
   1.000000000000000      -2.750000000000000      0.3000000119209290    
   1.000000000000000      -2.500000000000000      0.4000000059604645    
   1.000000000000000      -2.250000000000000       6.799995899200439    
   1.000000000000000      -2.000000000000000       1.300000190734863    
   1.000000000000000      -1.750000000000000       5.099997520446777    
   1.000000000000000      -1.500000000000000       21.60004615783691    
   1.000000000000000      -1.250000000000000       1726.325561523438    
   1.000000000000000      -1.000000000000000       9998.656250000000    
   1.000000000000000     -0.7500000000000000       3755.212646484375    
   1.000000000000000     -0.5000000000000000       9998.656250000000    
   1.000000000000000     -0.2500000000000000       9998.656250000000    
   1.000000000000000       0.000000000000000       9998.656250000000    
   1.000000000000000      0.2500000000000000       9998.656250000000    
   1.000000000000000      0.5000000000000000       9998.656250000000    
   1.000000000000000      0.7500000000000000       9998.656250000000    
   1.000000000000000       1.000000000000000       9998.656250000000    
   1.000000000000000       1.250000000000000       9998.656250000000    
   1.000000000000000       1.500000000000000       11.20000648498535    
   1.000000000000000       1.750000000000000       69.19951629638672    
   1.000000000000000       2.000000000000000       91.39917755126953    
   1.000000000000000       2.250000000000000       12.90001296997070    
   1.000000000000000       2.500000000000000       9.099998474121094    
   1.000000000000000       2.750000000000000       2.699999570846558    
   1.000000000000000       3.000000000000000       2.699999570846558    
   1.250000000000000      -3.000000000000000      0.2000000029802322    
   1.250000000000000      -2.750000000000000      0.3000000119209290    
   1.250000000000000      -2.500000000000000      0.4000000059604645    
   1.250000000000000      -2.250000000000000      0.5000000000000000    
   1.250000000000000      -2.000000000000000       1.300000190734863    
   1.250000000000000      -1.750000000000000       1.200000166893005    
   1.250000000000000      -1.500000000000000       22.20004844665527    
   1.250000000000000      -1.250000000000000       3.399998903274536    
   1.250000000000000      -1.000000000000000       2.599999666213989    
   1.250000000000000     -0.7500000000000000       2.599999666213989    
   1.250000000000000     -0.5000000000000000       2.899999380111694    
   1.250000000000000     -0.2500000000000000       2.699999570846558    
   1.250000000000000       0.000000000000000       29.90007781982422    
   1.250000000000000      0.2500000000000000       57.49969482421875    
   1.250000000000000      0.5000000000000000       19.90003967285156    
   1.250000000000000      0.7500000000000000       115.9988021850586    
   1.250000000000000       1.000000000000000       9998.656250000000    
   1.250000000000000       1.250000000000000       3958.210693359375    
   1.250000000000000       1.500000000000000       6.499996185302734    
   1.250000000000000       1.750000000000000       9998.656250000000    
   1.250000000000000       2.000000000000000       9.099998474121094    
   1.250000000000000       2.250000000000000       11.80000877380371    
   1.250000000000000       2.500000000000000       10.50000381469727    
   1.250000000000000       2.750000000000000       2.599999666213989    
   1.250000000000000       3.000000000000000       3.499998807907104    
   1.500000000000000      -3.000000000000000      0.3000000119209290    
   1.500000000000000      -2.750000000000000      0.4000000059604645    
   1.500000000000000      -2.500000000000000      0.4000000059604645    
   1.500000000000000      -2.250000000000000      0.5000000000000000    
   1.500000000000000      -2.000000000000000       2.100000143051147    
   1.500000000000000      -1.750000000000000       1.200000166893005    
   1.500000000000000      -1.500000000000000       1.400000214576721    
   1.500000000000000      -1.250000000000000       3.399998903274536    
   1.500000000000000      -1.000000000000000       2.299999952316284    
   1.500000000000000     -0.7500000000000000       2.200000047683716    
   1.500000000000000     -0.5000000000000000       10.70000457763672    
   1.500000000000000     -0.2500000000000000       1.400000214576721    
   1.500000000000000       0.000000000000000       1.400000214576721    
   1.500000000000000      0.2500000000000000       4.899997711181641    
   1.500000000000000      0.5000000000000000       7.799994945526123    
   1.500000000000000      0.7500000000000000       761.2611694335938    
   1.500000000000000       1.000000000000000       9998.656250000000    
   1.500000000000000       1.250000000000000       18.20003318786621    
   1.500000000000000       1.500000000000000       3.999998331069946    
   1.500000000000000       1.750000000000000       6.599996089935303    
   1.500000000000000       2.000000000000000       9.199998855590820    
   1.500000000000000       2.250000000000000       3.899998426437378    
   1.500000000000000       2.500000000000000       8.099994659423828    
   1.500000000000000       2.750000000000000       2.799999475479126    
   1.500000000000000       3.000000000000000       3.099999189376831    
   1.750000000000000      -3.000000000000000      0.4000000059604645    
   1.750000000000000      -2.750000000000000      0.4000000059604645    
   1.750000000000000      -2.500000000000000      0.5000000000000000    
   1.750000000000000      -2.250000000000000      0.5000000000000000    
   1.750000000000000      -2.000000000000000       3.699998617172241    
   1.750000000000000      -1.750000000000000       1.200000166893005    
   1.750000000000000      -1.500000000000000       1.300000190734863    
   1.750000000000000      -1.250000000000000       2.399999856948853    
   1.750000000000000      -1.000000000000000       2.299999952316284    
   1.750000000000000     -0.7500000000000000       2.200000047683716    
   1.750000000000000     -0.5000000000000000       3.199999094009399    
   1.750000000000000     -0.2500000000000000       1.300000190734863    
   1.750000000000000       0.000000000000000       1.300000190734863    
   1.750000000000000      0.2500000000000000       1.300000190734863    
   1.750000000000000      0.5000000000000000       6.399996280670166    
   1.750000000000000      0.7500000000000000       5.199997425079346    
   1.750000000000000       1.000000000000000       9998.656250000000    
   1.750000000000000       1.250000000000000       12.00000953674316    
   1.750000000000000       1.500000000000000       3.899998426437378    
   1.750000000000000       1.750000000000000       2.499999761581421    
   1.750000000000000       2.000000000000000       2.499999761581421    
   1.750000000000000       2.250000000000000       4.299998283386230    
   1.750000000000000       2.500000000000000       2.699999570846558    
   1.750000000000000       2.750000000000000       2.899999380111694    
   1.750000000000000       3.000000000000000       1.900000333786011    
   2.000000000000000      -3.000000000000000      0.5000000000000000    
   2.000000000000000      -2.750000000000000      0.5000000000000000    
   2.000000000000000      -2.500000000000000      0.6000000238418579    
   2.000000000000000      -2.250000000000000      0.6000000238418579    
   2.000000000000000      -2.000000000000000       1.300000190734863    
   2.000000000000000      -1.750000000000000       1.300000190734863    
   2.000000000000000      -1.500000000000000       1.300000190734863    
   2.000000000000000      -1.250000000000000       1.700000286102295    
   2.000000000000000      -1.000000000000000       2.599999666213989    
   2.000000000000000     -0.7500000000000000       2.399999856948853    
   2.000000000000000     -0.5000000000000000       2.200000047683716    
   2.000000000000000     -0.2500000000000000       1.400000214576721    
   2.000000000000000       0.000000000000000       1.300000190734863    
   2.000000000000000      0.2500000000000000       1.200000166893005    
   2.000000000000000      0.5000000000000000       1.300000190734863    
   2.000000000000000      0.7500000000000000       3.799998521804810    
   2.000000000000000       1.000000000000000       6.799995899200439    
   2.000000000000000       1.250000000000000       7.099995613098145    
   2.000000000000000       1.500000000000000       4.299998283386230    
   2.000000000000000       1.750000000000000       1.700000286102295    
   2.000000000000000       2.000000000000000       1.700000286102295    
   2.000000000000000       2.250000000000000       5.899996757507324    
   2.000000000000000       2.500000000000000       2.999999284744263    
   2.000000000000000       2.750000000000000       2.299999952316284    
   2.000000000000000       3.000000000000000       2.000000238418579    
   2.250000000000000      -3.000000000000000      0.6000000238418579    
   2.250000000000000      -2.750000000000000      0.6000000238418579    
   2.250000000000000      -2.500000000000000       1.500000238418579    
   2.250000000000000      -2.250000000000000       1.300000190734863    
   2.250000000000000      -2.000000000000000       1.400000214576721    
   2.250000000000000      -1.750000000000000       2.999999284744263    
   2.250000000000000      -1.500000000000000       2.799999475479126    
   2.250000000000000      -1.250000000000000       2.699999570846558    
   2.250000000000000      -1.000000000000000       2.699999570846558    
   2.250000000000000     -0.7500000000000000       5.099997520446777    
   2.250000000000000     -0.5000000000000000       2.299999952316284    
   2.250000000000000     -0.2500000000000000       1.900000333786011    
   2.250000000000000       0.000000000000000       1.300000190734863    
   2.250000000000000      0.2500000000000000       1.300000190734863    
   2.250000000000000      0.5000000000000000       1.200000166893005    
   2.250000000000000      0.7500000000000000       1.300000190734863    
   2.250000000000000       1.000000000000000       8.599996566772461    
   2.250000000000000       1.250000000000000       2.699999570846558    
   2.250000000000000       1.500000000000000       6.999995708465576    
   2.250000000000000       1.750000000000000       1.700000286102295    
   2.250000000000000       2.000000000000000       1.600000262260437    
   2.250000000000000       2.250000000000000       1.700000286102295    
   2.250000000000000       2.500000000000000       1.800000309944153    
   2.250000000000000       2.750000000000000       2.499999761581421    
   2.250000000000000       3.000000000000000      0.2000000029802322    
   2.500000000000000      -3.000000000000000      0.7000000476837158    
   2.500000000000000      -2.750000000000000       1.400000214576721    
   2.500000000000000      -2.500000000000000       2.000000238418579    
   2.500000000000000      -2.250000000000000       2.399999856948853    
   2.500000000000000      -2.000000000000000       1.500000238418579    
   2.500000000000000      -1.750000000000000       1.500000238418579    
   2.500000000000000      -1.500000000000000       1.500000238418579    
   2.500000000000000      -1.250000000000000       1.500000238418579    
   2.500000000000000      -1.000000000000000       1.600000262260437    
   2.500000000000000     -0.7500000000000000       2.299999952316284    
   2.500000000000000     -0.5000000000000000       4.899997711181641    
   2.500000000000000     -0.2500000000000000       2.299999952316284    
   2.500000000000000       0.000000000000000       2.100000143051147    
   2.500000000000000      0.2500000000000000       1.400000214576721    
   2.500000000000000      0.5000000000000000       1.300000190734863    
   2.500000000000000      0.7500000000000000       1.300000190734863    
   2.500000000000000       1.000000000000000       1.300000190734863    
   2.500000000000000       1.250000000000000       1.300000190734863    
   2.500000000000000       1.500000000000000       3.099999189376831    
   2.500000000000000       1.750000000000000       2.299999952316284    
   2.500000000000000       2.000000000000000       1.900000333786011    
   2.500000000000000       2.250000000000000       1.600000262260437    
   2.500000000000000       2.500000000000000       3.199999094009399    
   2.500000000000000       2.750000000000000      0.4000000059604645    
   2.500000000000000       3.000000000000000      0.2000000029802322    
   2.750000000000000      -3.000000000000000       1.300000190734863    
   2.750000000000000      -2.750000000000000       1.700000286102295    
   2.750000000000000      -2.500000000000000       1.500000238418579    
   2.750000000000000      -2.250000000000000       1.500000238418579    
   2.750000000000000      -2.000000000000000       1.500000238418579    
   2.750000000000000      -1.750000000000000       1.600000262260437    
   2.750000000000000      -1.500000000000000       3.599998712539673    
   2.750000000000000      -1.250000000000000       1.600000262260437    
   2.750000000000000      -1.000000000000000       1.600000262260437    
   2.750000000000000     -0.7500000000000000       1.500000238418579    
   2.750000000000000     -0.5000000000000000       1.600000262260437    
   2.750000000000000     -0.2500000000000000       4.199998378753662    
   2.750000000000000       0.000000000000000       2.999999284744263    
   2.750000000000000      0.2500000000000000       11.00000572204590    
   2.750000000000000      0.5000000000000000       2.399999856948853    
   2.750000000000000      0.7500000000000000       1.500000238418579    
   2.750000000000000       1.000000000000000       1.400000214576721    
   2.750000000000000       1.250000000000000       1.300000190734863    
   2.750000000000000       1.500000000000000       1.300000190734863    
   2.750000000000000       1.750000000000000       1.300000190734863    
   2.750000000000000       2.000000000000000       1.400000214576721    
   2.750000000000000       2.250000000000000       1.500000238418579    
   2.750000000000000       2.500000000000000       1.900000333786011    
   2.750000000000000       2.750000000000000      0.5000000000000000    
   2.750000000000000       3.000000000000000      0.2000000029802322    
   3.000000000000000      -3.000000000000000       1.600000262260437    
   3.000000000000000      -2.750000000000000       1.600000262260437    
   3.000000000000000      -2.500000000000000       2.699999570846558    
   3.000000000000000      -2.250000000000000      0.6000000238418579    
   3.000000000000000      -2.000000000000000      0.5000000000000000    
   3.000000000000000      -1.750000000000000      0.5000000000000000    
   3.000000000000000      -1.500000000000000      0.4000000059604645    
   3.000000000000000      -1.250000000000000      0.4000000059604645    
   3.000000000000000      -1.000000000000000      0.3000000119209290    
   3.000000000000000     -0.7500000000000000      0.3000000119209290    
   3.000000000000000     -0.5000000000000000      0.5000000000000000    
   3.000000000000000     -0.2500000000000000       1.900000333786011    
   3.000000000000000       0.000000000000000       1.900000333786011    
   3.000000000000000      0.2500000000000000       1.500000238418579    
   3.000000000000000      0.5000000000000000       1.500000238418579    
   3.000000000000000      0.7500000000000000       1.500000238418579    
   3.000000000000000       1.000000000000000       2.100000143051147    
   3.000000000000000       1.250000000000000       1.700000286102295    
   3.000000000000000       1.500000000000000       1.600000262260437    
   3.000000000000000       1.750000000000000       1.500000238418579    
   3.000000000000000       2.000000000000000       1.800000309944153    
   3.000000000000000       2.250000000000000       1.800000309944153    
   3.000000000000000       2.500000000000000       1.000000119209290    
   3.000000000000000       2.750000000000000       1.800000309944153    
   3.000000000000000       3.000000000000000      0.4000000059604645    
